[app/ui]
version = 6.3.3
modtime = 1457498841.138392000

[app/launcher]
version = 6.3.3
modtime = 1457498841.140212000

[app/package/check_for_updates]
version = 6.3.3
modtime = 1457498841.140932000

[indexes/osem]
owner = admin
version = 6.3.3
modtime = 1457498934.465304000
